1010110011101000010101010010011101111010110100101110110000011000010110001001001111111100011000010011111001011011101100111001000100010111111010101010011110100110000001110011101110011101110100001101110001001111100000011001111100111111111011100101011100001101110110100100010001110101101101110100111011100101101100000101011001111000000011000100000101001110110110011010010110100011001000010011111110101010
1110011101110110100011001101000110001010100100111100010010100100011010100100111101110001101100101100010011101111000101110100110010101000100000100110111010010100111111101110110011000100010000111010001111010011111101110010011010011000000110111000001010111010010100100110000101100010111100111011101011000010111010001101011101101010000000000010101000100001010001100110101000001010110011000011101001100100
0000100110001000011111000001100101000001101110100100100101111111111110000111000100011010010010011110010000001101011011111011100100001110000100110111010010001000111010000000010101110111110011100011001001100000001001010110110001101100000000011001000111011101110010000101101010111000011000111000110000011110100001001101111000011011010111111010011100010101010100010110110010110110011101001101000101100011
0110011110001101010111000000000011101100011000101101011111101100100000011000111100101000101000110100000110000010110110101111000000000111101110100100000011011010110111111011010101010010110010011101101011111011000000100001100110101111101010000111111010110101000010100000011100011101100100101010101100100001010000001100111111000101100001110100111111011010101100101000011000111100101101010000010111000011
0100101111101000100101000000000011101111110001111010101111000000111011110011001011111110101000010001001101100110000010001000000110000100100001101001111001111110010000001000001001010010100101001111101100100010110011011000001111010110000011111111010100011010100011000011011111011010110110101100010011100001010100000011010101110100110110111010100111000000000101101010101111011110100101001000101111100100
1110010010111100011110000010111111110101111111100101000101110010000010101010001110101111101000000101111110000000101011000000000111000001010100100110001000011001011000101100100011000101100000011001001100001011001000011101001110111111100111100111101000001101110111100001111111101011000111100011100101111001110011100010000100110011101111001001000010010000000000001100001010010111100111111000000010000010
1101101110011011100010001110001010100110110100010111000001011110000101011100101100101100010000010000000010010111000010011101110010001110100010010101101000100001000111000001100001011001011001111100001010100100101100010011110110101100011111000001010110101110100100000101111111100010011101101000001000010111100010010001101101011101111111001110101100111100000010010010111111011001101111010010001000110100
1110001111001111101110000101110100001110110100110111100111011010111000001000001000101000100100111100000001100000010010100111000011101000100010001011101000110110010100000011000010101100010110011100111011001100111001000111011110111111001010011010111011010111111011010111101000010111101010001000100011110100110111101001110100011010001010001100010101011100010011110001110101110101010101010000101010010100
0010100001100001000110011001000110101111110010011110111011100100010111011110111010101111111110111011110010010111000001111010001011110110001111100011001110100100011001110010000101110111111001001000101100111010010100101110000000001000110110000000011010100101001100010110011111000101011101011101110011110110010011001011101101110111110110101100110100101111100111101001010100000011100111001011000101100010
0101000110100110100110101001101101101111101100011010110011100111011101100101000111101101000101110111100110000000110011110000110011100001111011011011111000110110100110010101001000011101001111111001010011111000011101100111101101000101111110110110001001001110100110011100101111100001000111010100101001001111101100000000011101111101101010011101001110100010010100111010011001111100011111001111101011010101
1100001001100010011101100010111011111011001101100111111001001110001111010101001010101101001110000011011101000100000010010110011110000011001010001111001110110010110000000010010010111010001100101111110010001100110111100001000111101101000011011100011011001111110011111100111111001101100100111111001100111010100110110000101010110111000010101101011001011110101001111001010111001001110000101111011011101100
0100011110110010100001110000000101001110101100011111011111001010100110101110101111110001110000010101000100100001001001010101110110101101110101001000010001010110010101011110001111101111110001011010001100111001011100101110100011010101100011010101010010110101010110011101101001011001000001111011011001100101000001100100001111110000010011011011000100010001000101000110010110010110101100110111111111011100
0111010001001000011111100111101000000111111011010011000010001000111011111010111011110110000001100000000000011011110000011001110001100110110010110101000100100101111010001011001000001010001100010110010111000101111000010011000001111100010000110110011100000001111000110111001111010000011010000111001100010111010001101001110100100001101000010011101001110010111010111001010000001100001110010001110000001010
1000010101111101011100110111010110100100111001100010111100101001011001001010011001101000011000101101001111000110010011000111011001001111010000111011011110010111000011000101000110110111011001010001100011001010110000011000010111010011000111010111011000110011100111100110101010011001111110110100000010001000100011100100111101010010110001000100100010011010000001010110010110100111110010011101111000100101
1100010000110101101101101010000111110001011111110110101111100001100010001100100111000110011110011000100100111110011011011110110110011010001010111101111100110010010010100110000101101010000110110100001010000101101000000100011010110110110101011110010100001110011000110011110010101100111011110111000110010100011011010010011010001000001100001101101101111110001101110010101111100011011011011111101011100011
0010111110001101100100111111111100000011101110110100110001010010001010110111000000010010111100110000011000011011000010001000110011001110001101111000010011001000111001011111010101110001111100010100101110011000100001111000110010100011100101110011100100001101000000011101000000101111000100110001010010100111001011110110001011011000001001100001010000111010111011111111001011000010011101100110110011101111
1010001110100110010110100001011100011001100101011111110010001101001111100100111101101101000001011110111010101001100101000010011110101000111000001011000101000010001010011101100101001100000000001000111010100111010101110000101000110011010101011010111010000100100000111100111010111101001000100100010101000010100010111111010110101110000101100000111110101100000110111111111101011101010111111100111101101110
1011101110110110000000000000010110111000111000000110010110000111110001100000010111110110100111001010010100111110101011110010010011100101110000001001010100011100011000000111111101111000000011011001101100100011100001010001101011000100010111101000110001100100110001001101000110000101110110101010010110110010001100011010001001110001111100000011111011001010101100110000111100110010011101101000100101100010
0011010100001010000000001010000000110011101101000000101011001001010111000011100011010110001000010010000000100010110111100010001011111010010001010010111111000101111001000110011010001000001100010100001110010110000111011110111000001110110011101101000000110010100111011101010101111001011101011111011010000110000010000001001100001100011011000010011010100011100010100011011011100111010001100000001010110001
0000010100011011110110101110011111100101001011011110111110101000000011010100001010000110011010111111010011111101001001000010011100001000010000010010101001101101100011001000001100100000110011100110011010001100101111011110111000100010001000101101100101101010001011001110101010100111000001000010010010100001110110000110100010010100001011100010101111110010011111011110101000111101011001010110101111101010
1010100001010011101011100010111110110000001111011100010000010001110010100101100011111110010100001100111111101110100000000101101110101001100111011110010001101101101100010101001001000100111011111011111011110110100110010111010100011001000100000001111001100010010010111101001101111111101111010000101101101100100001101100010111001110101110110110111110000101100100011111101101000001010101000101011001101100
0111101001011101101010110100110001110110011111100001001101100100100000101001010010010100100100100100000101110110101011100011001110111000001000110000110001101010010100010101101011001011010001110010100100110001100010100011011100110101011000111011101110101011110010001111101011001010011110110001100100110101000010011100011101111110110000011000010000011110100100010100001111000111001110101110101101010000
0110001100110000010011010000101110000111111010110101001101001011110010001000011010101010011011100000111010110001011101101000000110111010110010010100001010111011011110011010010011011100100011011100100110110100010010111110000100101001100010110111011101110111110110010001110101011111101101001010000101010101110111101011011110100100101110110111000100110011110010110000100011101000110111110111011111011001
1101001100110010111011111101000111100010000101000000100000100010001000010111100010100010101101010110000011110111110110000101111000011001110111001110000010100010111011010110111010101001100111111100111010111110101000101110000011101001110100101101111110100110101110000011111111011001100000001010111111100000101010100111110101111011010010011010101001000110011111111100110001011011100100000011111000001100
0110101000001111001100010101000010001110000100100001111000000000001000001101111111010001101000001100010111110001110100101010010110001011111100101011001011100011000101111111100001100101000011111011111000110011111001110111110100111010000100101001010110100110111110101111011010010111010000001111010001010001101000110010001111000000100011000101110011111010100001001000000011011101000011000010010001111110
0011111011010010101101000101001001101111100011111010001111000100111011010011111001010010011011110010110100110010000101100101110011000000010110000011000101011111111010010110111000001000010001010110100101100010111010101110100111110100100000000111000001010010000010011001011110010110000010100011101100101000001001100100011110100001011110011000101100000000001100110110010110000010010111101000010101010010
0110010110101001001011001101001010011101111111000101010100101001000100111101110100001100100000111001110000100011001111110011110100110010011010111110101111101000000111100111101000100010011111100000010100110100110111110100110010100100110100111011100110101100111000010000011110101011000001111000101010011111011101011001011111110111010000101010100010010101101010000101010010100100001000100011101011100001
1011111001011011001110001110110011111111010001110100001011010111101100010010010100101100011000011101100110010010101111100011011000011001011110111111010000000100010010110000000001010010001011010110110111111100010001011010001000101101001000010100001100111010000001011000100011111111110000101111111000101000000000011110111001011100000001010110101010001010000100011110010100000010110001011011011111011111
0010111010110000110001111010000001001000111001100011000010110101011110010011011111111111000110101111100101000111000100100011110011001011110101011000011101110111100001010000011001010010010101011010001100011010111111100011010010000111111101011100111111100001111000111111111011000100111100110111110100011100000010001100100101000101110000100000100110101010010111111110011100111101000101100111100101111111
0001100110111000001100111111111110001010011101101101110010111011000100101101000011100010000110010100100011010010010000000100000100111000011110110110010101000100010101001100111011100000001010000101010111011011101100000111100110100100001010100001111001000110010111010101101000000011101110110101111101100001111101000110101011110111111011110101101111010010000110011101100110110010111011110011010010101110
